~ # chmod +x hugetlb_capacity 
~ # ./hugetlb_capacity | tee stage9_2_hugetlb_capacity.txt
PID                  : 148
HugeTLB mapping      : 0x3f40000000
mapping span         : 80 MiB
1GiB aligned         : yes
same VPN[2] window   : yes
KernelPageSize       : 2048 kB
MMUPageSize          : 2048 kB
Private_Hugetlb      : 81920 kB
max translations     : 40
max data footprint   : 2.5 KiB/test
timed accesses       : 65536
repeats/test         : 5
counter mode         : independent perf events

 Nhuge | packed cyc/op | spread cyc/op | spread-packed | spread best | packed insn/op | spread insn/op | minflt | majflt
-------+---------------+---------------+---------------+-------------+----------------+----------------+--------+-------
     1 |         12.94 |         11.78 |         -1.16 |       11.63 |          11.26 |          10.54 |      0 |      0
     2 |         15.04 |         14.96 |         -0.08 |       14.93 |          10.14 |          10.14 |      0 |      0
     3 |         11.83 |         11.81 |         -0.01 |       11.77 |           9.88 |           9.88 |      0 |      0
     4 |         13.47 |         13.29 |         -0.18 |       13.27 |           9.89 |           9.89 |      0 |      0
     5 |         11.79 |         22.35 |         10.56 |       22.23 |           9.74 |          10.04 |      0 |      0
     6 |         12.81 |         23.37 |         10.56 |       23.21 |           9.81 |          10.10 |      0 |      0
     7 |         12.70 |         23.24 |         10.54 |       23.06 |           9.79 |          10.08 |      0 |      0
     8 |         12.59 |         23.10 |         10.51 |       22.96 |           9.77 |          10.06 |      0 |      0
    10 |         12.42 |         22.96 |         10.54 |       22.82 |           9.65 |          10.04 |      0 |      0
    12 |         12.32 |         22.74 |         10.42 |       22.71 |           9.63 |           9.93 |      0 |      0
    16 |         12.20 |         22.83 |         10.63 |       22.60 |           9.70 |          10.01 |      0 |      0
    20 |         12.15 |         22.65 |         10.50 |       22.53 |           9.60 |           9.99 |      0 |      0
    24 |         12.04 |         22.48 |         10.44 |       22.45 |           9.58 |           9.88 |      0 |      0
    28 |         12.05 |         22.55 |         10.51 |       22.44 |           9.59 |           9.97 |      0 |      0
    30 |         12.05 |         22.52 |         10.47 |       22.43 |           9.58 |           9.97 |      0 |      0
    31 |         12.03 |         22.57 |         10.54 |       22.42 |           9.67 |           9.97 |      0 |      0
    32 |         11.99 |         22.56 |         10.57 |       22.41 |           9.57 |           9.97 |      0 |      0
    33 |         12.02 |         22.51 |         10.49 |       22.42 |           9.57 |           9.97 |      0 |      0
    34 |         12.22 |         22.43 |         10.20 |       22.38 |           9.66 |           9.97 |      0 |      0
    36 |         11.99 |         22.56 |         10.58 |       22.38 |           9.57 |           9.97 |      0 |      0
    40 |         11.96 |         22.43 |         10.47 |       22.38 |           9.57 |           9.87 |      0 |      0

global sink          : 0x0000862f0000c300

